$ANSIBLE_VAULT;1.1;AES256
61323063666630313663616639383162633330376664303937616331633666653661663263366366
6538616338653337323762633338366634326435656537350a623761343134313663666137303965
64386339626161333038313530353739346432323635336134616662356133333234336130363765
3332316131323365640a383665343165383733616139383436636232333561313838633337666339
33613864356464323137353264313733383361313937323461353130663266356563323464613162
34316637386435316265313730383237393635343061663636343634373661616138396566346263
37346366346565656333643864373861663234313966306637613532646134343764386133653032
63316136653361313033366235633864646436343335343538323332343738633161313239623637
39663131366265366338373230653862663132656337653935313064343332636231313835323765
31643831373465656131316565626564393837386261373263396638303036353438303534343231
33326237323239363635613438326262616566613434373434366238326430613037323033333036
31656164393565386132626533333262326666363131313239613931633130343330613261316531
35383064386264373134373436363935383335616234623035636130363336363830306162366537
32343038633134616562353838393639393535303230356362363265376163396232303462323662
31396435353232663537333565646339616433656339343263643461306330373463626365656564
64313334643964353963653438616439373438653866613532386262356338373039653235366464
34653566333335626636393966326439383431353831653730636466653234616434663734626632
35303263356137663635323731623036653739663062323334623762333730666531336664326433
31383235373635306364633461353435393535396136393363303731373437623936653834353863
61636466383637343862646335396637663332333038386334383230643462353636336638626431
63646166333763343035663463653034356564383230616134663765636665336338613134346436
61326165313033396335336633663764643735633233323238383633383430326362393239613537
38626163366638333339636161313633303639386662363438363834313434373564393266386439
32356665343763333635626433663436356231323533623966663065653639393839663262353262
32343765663638636463343665396639313231393330663861303835386532376239306335663139
63323066343362383432666261316636376136346135393137376535316134653939656566653862
65643833343537383137623131383233613961386536306439626133613336663733626563396365
35626431373232626263
